62	
55	
52	
53	
49	
56	
57	
50	
48
60
75
72	
88	
82	
56	
54	
52	
57	
52	
56	
50	
49	
52	
54	
56	
51	
55	
57	
52	
54	
63	
60	
53	
50	
55	
76	
79	
75	
56	
73	
81	
85	
81	
67	
74	
80	
62	
63	
69	
66	
75	
64	
59	
73	
66	
62	
75	
86	
67	
61	
76	
83	
81	
58	
55	
61	
75	
65	
65	
62	
65	
73	
80	
69	
78	
79	
78	
67	
65	
64	
64	
65	
66	
74	
79	
82	
82	
80	
80	
77	
75	
70	
76	
75	
70	
82	
86	
86	
77	
76	
71	
87	
89	
88	
81	
86	
79	
88	
84	
85	
78	
73	
77	
86	
85	
85	
87	
91	
89	
86	
79	
82	
78	
71	
80	
80	
76	
84	
73	
83	
85	
85	
82	
82	
87	
85	
75	
70	
70	
79	
73	
83	
85	
74	
71	
77	
72	
83	
72	
70	
72	
81	
73	
69	
79	
86	
79	
84	
84	
89	
88	
85	
73	
72	
76	
75	
78	
70	
71	
77	
66	
73	
74	
69	
67	
61	
63	
62	
60	
64	
63	
60	
61	
68	
69	
83	
77	
75	
67	
67	
65	
62	
64	
67	
69	
63	
60	
60	
58	
58	
61	
64	
64	
60	
58	
62	
60	
76	
79	
78	
80	
61	
54	
50	
45	
47	
55	
59	
60	
49	
66	
49	
46	
51	
49	
42	
44	
49	
50	
62	
65	
58	
53	
40	
41	
52	
52	
49	
37	
47	
54	
40	
36	
46	
53	
50	
46	
47	
42	
34	
33	
41	
50	
61	
64	
44	
44	
36	
55	
50	
56	
62	
47	
44	
35	
35	
42	
45	
49	
47	
51	
45	
46	
45	
39	
38	
41	
42	
45	
34	
37	
37	
36	
43	
56	
44	
47	
61	
41	
32	
34	
27	
29	
29	
20	
28	
38	
40	
39	
51	
41	
39	
37	
36	
32	
35	
42
42
38
41
40
37
39
41
48
59
50
45
38
33
39
39
35
37
36
35
37
43
42
39
34
55
52
56
37
42
46
57
52
43
50
45
44
40
41
45
54
47
49
42