0.00
23.27
27.38
18.92
7.46
15.75
11.56
7.87
24.42
31.88
1.38
4.75
4.75
14.04
6.27
14.81
18.95
14.7
8.36
19.08
1.4
4.26
3.34
33.23
2.61
9.37
0.00
4.87
24.02
6.95
4.52
8.52
30.19
12.57
9.73
2.14
11.39
22.77
10.82
7.51
9.18
4.48
5.26
4.5
10.48
10.19
0
13.06
4.34
9.67
5.68
22.63
18.31
6.89
6.33
17.89
29.44
0.61
11.25
3.47
17.42
7.32
12.92
9.54
14.57
21.37
13.16
19.78
3.91
0.6
2.54
22.79
7.07
9.87
3.69
5.35
15.18
19.12
21.15
8.95
7.11
7.66
19.06
9.11
17.27
8.88
0.86
14.41
3.32
20.45
14.59
18.55
6.01
11.03
5.95
0
7.9
7.46
3.83
11.7
13.4
9
14.7
5.05
15.47
9.93
33.92
27.38
10.89
12.64
13.08
10
5.84
14.31
3.85
1.18
12.09
17.55
60.48
4.34
1.64
7.53
3.31
6.91
2.81
7.16
9.93
8.34
0.91
12.45
7.03
24.03
1.33
14.09
1.62
16.08
3.92
9.32
7.88
3.74
2.92
14.26
4.06
2.01
11.41
12.75
15.95
3.99
5.26
4.97
6.44
7.13
5.96
11.06
14.78
7.19
6.43
2.61
10.61
6.42
0
9.08
1.4
5.13
19.38
13.38
16.33
20.38
15.79
7.18
8.73
21.03
11.03
3.77
7.17
15.08
7.65
13.01
11.49
0.26
2.01
13.66
53.67
11.53
17.13
27.36
11.51
22.1
7.04
3.75
19.86
6.45
10.06
8.75
32.65
7.71
31.41
18.52
10.95
11.43
4.84
2.87
6.29
0
20.94
12.54
8
0.32
5.28
16.75
2.44
4.9
8.48
0.82
27.64
14.74
0.97
12.33
1.03
8.34
16.44
10.5
9.48
16.57
0.5
7.81
8.61
19.14
18.43
1.4
20.42
1.46
16.74
10.28
11.45
13.27
8.22
1.79
40.68
11.59
0.82
1.92
30.19
24.08
3.36
12.61
4.05
10.76
5.25
24.62
8.55
1.04
2.53
19.65
15.67
6.92
9.69
23.39
15.24
4.28
2.98
2.15
14.53
6.22
0.66
13.94
8.78
3.07
12.23
33.13
19.63
11.03
5.96
42.02
46.86
47.6
5.22
17.6
22.54
8.87
11.74
18.19
11.34
2.37
6.83
1.65
0.39
5.7
31.62
0.16
3.12
5.17
8.62
26.88
15.32
16.61
10.67
1
3.02
15.66
11.57
21.23
2.57
5.47
14.96
3.35
3.35
3.19
2.27
6.37
6.48
5.36
5.5
10.65
5.79
3.69
11.7
10.84
10.07
11.12
7.37
20.98
11.19
8.93
1.89
2.07
4.51
1.38
2.01
12.88
8.51
12.7
29.12
7.01
14.79
18.11
6.37
13.86
11.59
2.54
8.77
7.86
4.71
4.87
2.8
0.55
6.11
1.1
14.62
11.61
13.88
16.52
28.97
24.56
18.85
26.78
3.88
30.58
22.1
0.39
15
18.22
31.23
15.42
26.49
7.17
8.07
18.79
3.6
1.85
4.62
12.83
1.34
19.14
24.68
20.11
12.41
9.25
3.89
7.68
6.69
5.63
1.91
1.05
17.25
0.36
5.21
8.76
20.45
3.44
1.59
7.62
8.85
2.96
9.37
1.1
30.64
12.34
7.84
7.48
21.23
8.97
4.67
9.68
26.36
4.33
11.75
13.77
4.66
8.31
3.85
4.4
14.02
15.55
16.71
28.52
7.75
9.86
26.34
22.17
1.69
15.02
18.39
17.92
8.18
17.52
35.35
20.84
4.66
3.32
6.16
45.09
27.24
9.74
4.21
10.16
12.3
19.2
15.04
10.14
18.61
3.86
11.5
2.88
0
5.16
4.94
6.84
13.6
5.5
4.58
5.54
20.32
3.67
24.97
4.53
6.72
10.27
13.68
6.17
2.53
48.53
13.07
7.01
4.99
12.7
29.36
7.49
9.84
19.29
13.12
21.76
41.96
8.3
27.67
13.64
3.99
22.24
2.05
4.08
6.35
8.92
3.72
5.96
7.66
22.8
11.13
6.5
13.68
14.6
1.93
10.63
4.93
10.9
19.44
14.94
27.14
32.9
26.91
17.13
1.17
10.44
31.91
0
1.36
7.6
18.52
10.26
15.51
3.26
6.77
15.35
6.29
5.38
11.35
3.24
3.03
9.04
2.08
3.55
4.76
3.02
1.35
19.05
9.86
30.25
6.63
8.34
0.16
3.02
8.07
11.46
18.74
7.94
12.09
6.43
26.13
6.98
52.56
8.1
7.48
0
7.31
0.1
21.9
11.69
22.94
16.67
17.78
7.1
1.1
4.45
6.54
19.04
22.85
6.07
20.65
2.74
2.57
3.65
9.52
0.96
4.7
2.27
13.36
2.38
8.97
15.02
16.25
10.34
13
3.69
10.27
2.48
14.4
0.62
11.25
22.24
0
5.68
5.54
1.21
9.96
23.03
22.48
5.1
12.1
25.73
12
2.07
3.05
2.43
2.81
10.07
22.05
22.22
9.79
18.83
0.94
13.85
6.34
2.44
7.72
0.98
18.29
9.73
6.49
4.51
3.73
8.5
15.41
4.25
6.43
13.97
4.18
25.07
2.46
17.18
8.63
5.43
2.03
1.39
3.06
9.6
8.89
38.31
9.78
5.92
6.2
4.76
29.27
13.48
9.49
6
0
5.8
13.57
3.19
3.99
6.48
14.44
2.6
8.9
11.17
19.77
6.68
9.97
3.25
11.78
6.27
5.76
26.94
3.91
11.07
3.61
10.19
1.72
2.6
41.95
3.46
7.82
10.1
14.09
12.58
12.49
10.99
2.11
19.38
3.47
18.65
19.32
30.51
9.07
6.93
3.94
3.37
13.1
14.73
6.97
13.08
10.31
1.21
3.96
6.63
3.17
2.71
1
14.12
8.88
25.4
15.43
10.34
21.51
78.42
8.02
5.9
6.21
4.05
3.25
0
6.83
16.14
15.64
16.19
47.62
19.68
17.58
3.82
9.23
25.29
13.56
15.07
7.33
16.36
23.96
10.94
15.19
5.1
22.02
19.19
10.18
4.56
32.95
9.58
4.74
6.87
6.23
22.95
14.2
12.9
13.46
34.08
7.85
4.94
44.1
10.96
5.04
19.21
4.43
21.58
45.8
7.95
33.76
13.71
7.22
6.39
7.41
0.94
1.12
3.07
12.46
20.49
13
0.58
0.81
12.76
4.42
7.95
14.49
0.89
10.39
2.39
5.97
4.62
6.67
17.32
1.18
41.86
10.92
0.4
25.57
12.02
4.89
8.51
15.24
1.72
7.09
5.8
17.09
9.88
0.45
2.14
11.64
11.43
9.5
15.99
18.85
14.36
12.69
3.01
12.1
13
38.9
6.8
4.76
15.44
7.65
17.26
1.58
4.66
6.64
5.3
2.83
1.01
3.62
5.34
6.88
20.31
22.54
4.11
13
23.42
0.93
1.77
16.77
14.61
16.66
12.52
11.73
15.46
18.51
9.34
17.34
6.21
7.29
32.72
4.81
20.91
7.95
29.88
0.8
3.21
13.6
9.29
11.63
5.42
9.72
37.59
1.96
0.86
2.76
9.88
17.35
8.48
14.69
6.75
7.37
1.26
3.04
25.61
17.39
15.52
8.46
1.26
32.83
16.29
22.89
15.69
7.91
2.08
3.02
9.48
14.7
4.15
15.61
28.85
20.04
10.02
6.88
5.16
11.65
17.23
3.4
10.39
10.89
0.53
5.96
27.32
14.61
6.45
1.64
8.53
7.36
5.51
16.06
1.42
0.78
0.84
8.54
11.71
26.31
4.95
10.29
5.72
1
25.29
6.05
1.49
17.44
3.02
25.37
23.16
0.82
3.05
17.2
4.64
11.04
19.78
6.14
3
9.04
10.6
13.82
5.42
30.95
15.04
4.14
15.24
5.96
10.35
1.06
0.88
3.09
2.89
13.28
28.73
21.98
13.26
5.94
4.36
15.24
6.08
4.93
1.54
3.96
1.17
5.16
13.89
3.35
4.57
6.45
12.64
9.14
13.43
8.14
5.59
5.86
9.94
4.13
20.41
2.8
1.01
22.03
24.23
15.7
8.32
22.48
11.45
1.32
1.91
2.96
0.87
0.08
3.55
4.98
4.76
10.98
9.83
11.92
14.31
0.75
6.19
25.8
15.7
3.56
16.22
10.22
7.98
7.68
23.14
8.09
6.63
45.72
45.99
8.08
27.5
3.07
28.74
15.44
6.76
7.72
0.18
3.38
5.61
0.66
7.82
0
21.86
19.54
7.08
2.18
9.97
10.14
5.78
11.58
28.95
3.48
2.36
2.15
4.36
5.58
5.78
1.07
16.03
5.94
1.78
28.9
4.07
3.9
17.19
4.03
13.61
4.21
9.05
11.68
15.76
26.59
19.65
3.97
4.51
14.95
26.67
51.98
9.32
17.01
11.77
2.27
7.49
4.33
6.86
3.55
0.45
12.46
18.6
0.83
6.37
7.36
7.89
7.17
3.9
3.6
5.44
4.08
6.96
0.31
1.18
7.62
8.24
1.54
8.39
3.2
6.03
30.7
13.43
6.57
0.13
0
1.17
18.56
8.64
4.6
8.38
11.65
6.46
8.78
8.69
13.93
1.76
2.08
5.67
17.29
7.11
9.3
22.66
5.74
7.18
5.44
18.19
8.45
0.02
0.7
13.9
38.65
3.56
10.12
15.8
4.08
9.29
9.21
3.64
2.77
3.74
3.05
26.58
6.23
15.03
4.04
40.45
3.48
9.87
12.01
6.93
14.87
27.25
3.4
2.82
4.34
17.8
15.6
9.02
23.63
35.53
11.61
6.03
2.78
32.03
4.21
11.48
6.07
8.09
1.95
32.07
4.71
8.17
9.59
3.68
6.6
4.99
25.61
36.76
2.96
3.3
4.3
1.46
3.4
17.21
3.14
5.92
16.46
0.46
4.86
5.05
7.27
25.8
0.29
12.55
5.42
8.15
6.61
3.25
8.12
5.24
1.59
10.82
8.67
5.79
9.29
12.85
25.64
5.8
2.92
1.09
5.81
7.14
6.66
1.57
0
5.53
1.97
7.79
6.28
2.97
30.19
7.25
13.83
1.49
5.32
3.42
5.01
5.69
24.54
1.62
10.68
12.95
8.36
12.65
2.48
6.21
0.49
4.97
1.53
5.81
5.52
4.77
0.73
7.96
10.88
8.04
7.28
20.77
6.98
5.25
5.3
23.29
9.66
10.65
14.46
9.67
4.21
17.12
0.46
1.77
1.76
11.88
1.06
6.46
27.55
9.49
5.15
1.3
8.2
6.98
2.45
2.26
2.58
9.27
4.57
3.72
0.81
9.62
25.4
13.09
8.27
6.55
13.24
0.2
6.88
9.91
5.08
23.25
15.53
5.91
4.48
5.13
12.12
13.23
16.52
21.86
37.14
14.81
6.01
11.87
0.74
7.01
20.62
3.07
25.38
25.28
14.65
11.52
3.03
11.67
13.63
9.58
15.35
16.9
15.59
13.59
6.97
16.94
2.19
11.74
7.91
12.66
9.98
26.29
4.91
9.5
23.55
17.51
12.04
19.84
3.92
8.95
14.43
9.97
30.1
1.71
5.89
9.58
5.45
18.39
25.59
10.28
0.63
12.45
0
7.74
6.31
6.12
29.29
7.07
17.73
6.48
2.46
1.99
13.94
0.46
5.55
7.85
3.26
14.55
5.8
7.73
11.12
9.29
13.51
4.09
12.86
12.66
12.31
20.53
9.18
23.08
15.42
4.18
14.45
14.1
11.73
10.32
3.53
2.49
13.96
2.23
12.53
9.58
16.32
1.57
23.62
8.36
5.19
13.13
2.3
5.28
22.78
1.46
10.57
3.19
13.11
19.45
4.93
11.52
8.63
12.04
12.76
1.52
3.9
6.43
16.15
14.2
6.76
0.96
6.24
6.01
4.98
8.84
10.81
2.89
27.26
1.18
2.48
5.78
8.49
9.28
4.07
4.84
2.34
6.73
14.38
10.5
6.98
12.49
19.99
8.12
13.45
10.07
15.54
15.31
10.95
20.11
11.4
2.49
4.97
13.2
7.81
3.97
11.34
7.78
20.53
34.73
11.76
16.98
24.13
5.4
33.46
2.24
5.56
14.33
20.45
6.45
5.7
15.14
5.27
10.42
1.41
5.71
1.64
10.18
26.78
12.38
7.24
5.57
4.35
14.14
6.77
2.3
3.93
6.53
4.78
1.45
8.36
4.46
26.72
2.21
6.77
7.84
2.84
3.15
6.69
0.52
1.24
0
0.33
4.47
12.84
0.86
1.62
12.54
13.21
9.92
5.85
16.64
9.23
0
0.06
11.8
6.77
1.16
1.78
16.27
12.9
5.75
11.44
11.03
25.36
29.14
12.11
4.41
5.57
16.23
5.89
9.91
9.6
5.83
16.6
0.45
0.71
0.7
0.57
4.66
11.63
0.65
1.16
3.62
10.1
11.1
20.92
14.5
7.11
2.77
5.91
11.66
6.9
13.57
10.64
7.08
14.27
31.37
13.78
17.82
7.71
5.38
2.34
7.95
14.82
18.66
15.71
18.63
8.21
1.86
7.33
0
35.37
10.06
16.85
22.12
14.05
17.62
14.7
11.67
7.86
6.61
9.65
6.51
2.12
0.13
3.36
4.05
4.17
17.05
8.79
9.36
23.07
9.69
7.95
3.96
16.24
4.68
1.14
12.28
