23
34
44.4
38
38
42
40
39.2
37.7
41
38.7
37
38
39
41
33
32
37.1
36.1
27.7
34.7
31
31
35.4
44
41.5
41
46.5
34.3
28.1
28.1
22.3
23.9
25.2
16.3
20.3
29.5
36.6
35
39
37
34.1
28.6
30.9
41
44.6
43
43
37.1
30.4
27.3
35.3
44.5
44
46.9
38
38.7
32
44.5
44.6
46.5
56
42
36.4
31.6
28
34.7
42.5
43.3
40.8
45.2
44.2
42.4
42.2
35.6
42.4
39.7
46.8
51.6
53.3
47.3
57.4
41.5
40.8
45.8
43.2
35.8
36.5
41.4
42.9
51.2
53.2
49.9
43.4
35.5
36.3
46.3
45.6
42.1
31.5
39.4
48
35.6
36
38.5
54
63.2
69.3
67.5
64.1
65
64.1
57.6
54.8
56.3
59.4
60.3
55.4
55
54.2
53
53.7
55.8
57.6
57.9
57.9
54
52.8
52.2
62.7
67.2
68.6
70
51.6
49.7
44.3
64
68.8
73.4
72.7
75.7
78.5
82.7
81.2
75.2
70.9
69.8
70.9
70.9
71
63.7
65.4
68.4
64.8
66.1
66.3
63.4
61.8
59.7
60.6
60.3
56.9
56.8
58.5
57.3
58.9
70.8
66.7
70.9
72.1
71.3
74.6
69.2
74
77.3
75.6
74.5
72.8
78.9
77.2
68.2
67.4
67.5
70.7
68.8
74.5
75.8
69.6
67
68.9
67
74.3
68.5
65.8
67.3
72.7
66.5
66.2
70
68.4
67.7
74.5
79.9
77.9
72.1
71
68.3
77.1
81.1
78.9
74.2
77.7
75.9
80.1
76.7
78.7
74.2
68.7
71
76.4
78
73.4
78
79
80.9
73.7
69.3
73.2
71.8
71.3
50.8
50.1
55.1
64.5
61.2
59.3
57.8
58.5
66.3
67.5
64
66.2
69.2
61.6
61.8
61.9
60.8
61.4
61.7
66.3
73
75.7
73.9
72.6
72.1
72
70.4
57.1
51.8
49.5
46.6
49.2
64.7
69.1
65.9
53.5
63
68.3
72.1
59.1
63.7
70
53.9
52.6
57.9
61.3
67.1
57
54.5
58
57.1
56.6
64.5
73.4
61.6
56.4
62.2
55
43.1
47.8
42.4
43.4
50.8
41.8
42.5
49
62.5
64.6
70
67.2
51
50.3
48.8
53.5
48.5
48.5
47.7
47.8
49.2
49.5
49.5
48.2
50
50.8
49.8
50.3
