1895	1	25.34	0			
1895	2	10.12	23.27			
1895	3	1.56	27.38			
1895	4	3.64	18.92			
1895	5	7.89	7.46			
1895	6	6.21	15.75			
1895	7	16.24	11.56			
1895	8	6.32	7.87			
1895	9	5.77	24.42			
1895	10	0.26	31.88			
1895	11	15.52	1.38			
1895	12	9.29	4.75			
1896	1	9.91	4.75			
1896	2	8.08	14.04			
1896	3	9.01	6.27			
1896	4	18.92	14.81			
1896	5	21.17	18.95			
1896	6	3.04	14.7			
1896	7	23.62	8.36			
1896	8	5.61	19.08			
1896	9	10.14	1.4			
1896	10	10.17	4.26			
1896	11	21.92	3.34			
1896	12	0	33.23			
1897	1	20.37	2.61			
1897	2	29.46	9.37			
1897	3	25.04	0			
1897	4	6.02	4.87			
1897	5	3.18	24.02			
1897	6	3.69	6.95			
1897	7	10.67	4.52			
1897	8	4.08	8.52			
1897	9	5.72	30.19			
1897	10	11.47	12.57			
1897	11	12.77	9.73			
1897	12	3.93	2.14			
1898	1	16.03	11.39			
1898	2	4.07	22.77			
1898	3	15.08	10.82			
1898	4	0.82	7.51			
1898	5	24.39	9.18			
1898	6	8.85	4.48			
1898	7	7.61	5.26			
1898	8	11.86	4.5			
1898	9	5.9	10.48			
1898	10	14.88	10.19			
1898	11	5.24	0			
1898	12	5.52	13.06			
1899	1	8.48	4.34			
1899	2	15.59	9.67			
1899	3	19.12	5.68			
1899	4	1.16	22.63			
1899	5	5.36	18.31			
1899	6	13.53	6.89			
1899	7	12.52	6.33			
1899	8	7.93	17.89			
1899	9	0	29.44			
1899	10	8.9	0.61			
1899	11	8.12	11.25			
1899	12	4.53	3.47			
1900	1	2.94	17.42			
1900	2	17.98	7.32			
1900	3	9.4	12.92			
1900	4	35.35	9.54			
1900	5	8.91	14.57			
1900	6	12.4	21.37			
1900	7	13.22	13.16			
1900	8	9.34	19.78			
1900	9	16.69	3.91			
1900	10	11.25	0.6			
1900	11	9.06	2.54			
1900	12	1.9	22.79			
1901	1	1.45	7.07			
1901	2	15.67	9.87			
1901	3	2.76	3.69			
1901	4	11.33	5.35			
1901	5	11.28	15.18			
1901	6	8.71	19.12			
1901	7	2.28	21.15			
1901	8	18.9	8.95			
1901	9	11.14	7.11			
1901	10	1.15	7.66			
1901	11	1.54	19.06			
1901	12	15.23	9.11			
1902	1	0.09	17.27			
1902	2	18.95	8.88			
1902	3	13.54	0.86			
1902	4	2.2	14.41			
1902	5	9.54	3.32			
1902	6	10.37	20.45			
1902	7	22.27	14.59			
1902	8	6.21	18.55			
1902	9	5.69	6.01			
1902	10	1.91	11.03			
1902	11	12.31	5.95			
1902	12	14.14	0			
1903	1	6.29	7.9			
1903	2	33.31	7.46			
1903	3	10.21	3.83			
1903	4	3.85	11.7			
1903	5	12.12	13.4			
1903	6	14.46	9			
1903	7	16.66	14.7			
1903	8	12.45	5.05			
1903	9	4.49	15.47			
1903	10	2.17	9.93			
1903	11	7.41	33.92			
1903	12	1.88	27.38			
1904	1	3.93	10.89			
1904	2	20.62	12.64			
1904	3	26.91	13.08			
1904	4	4.24	10			
1904	5	2.56	5.84			
1904	6	11.36	14.31			
1904	7	9.46	3.85			
1904	8	6.52	1.18			
1904	9	12.38	12.09			
1904	10	7.75	17.55			
1904	11	0	60.48			
1904	12	2.48	4.34			
1905	1	9.05	1.64			
1905	2	19.83	7.53			
1905	3	21.43	3.31			
1905	4	21.26	6.91			
1905	5	16.52	2.81			
1905	6	12.96	7.16			
1905	7	24.37	9.93			
1905	8	3.27	8.34			
1905	9	6.11	0.91			
1905	10	6.28	12.45			
1905	11	21.77	7.03			
1905	12	8.51	24.03			
1906	1	9.41	1.33			
1906	2	3.15	14.09			
1906	3	23.6	1.62			
1906	4	14.37	16.08			
1906	5	21.49	3.92			
1906	6	8.72	9.32			
1906	7	19.67	7.88			
1906	8	26.52	3.74			
1906	9	14.46	2.92			
1906	10	6.88	14.26			
1906	11	17.38	4.06			
1906	12	21.88	2.01			
1907	1	34.35	11.41			
1907	2	3.78	12.75			
1907	3	15.81	15.95			
1907	4	2.88	3.99			
1907	5	14.66	5.26			
1907	6	15.27	4.97			
1907	7	14.64	6.44			
1907	8	7.16	7.13			
1907	9	8.37	5.96			
1907	10	12.67	11.06			
1907	11	9.4	14.78			
1907	12	9.6	7.19			
1908	1	0.1	6.43			
1908	2	25.99	2.61			
1908	3	6.45	10.61			
1908	4	12.1	6.42			
1908	5	23.88	0			
1908	6	11.33	9.08			
1908	7	9.16	1.4			
1908	8	8.22	5.13			
1908	9	4.3	19.38			
1908	10	12.65	13.38			
1908	11	4.71	16.33			
1908	12	7.01	20.38			
1909	1	21.94	15.79			
1909	2	21.53	7.18			
1909	3	3.9	8.73			
1909	4	5.67	21.03			
1909	5	4.37	11.03			
1909	6	9.12	3.77			
1909	7	13.06	7.17			
1909	8	12.93	15.08			
1909	9	6.09	7.65			
1909	10	0	13.01			
1909	11	29.48	11.49			
1909	12	18.74	0.26			
1910	1	6.1	2.01			
1910	2	7.82	13.66			
1910	3	1.05	53.67			
1910	4	2.07	11.53			
1910	5	2.35	17.13			
1910	6	9.39	27.36			
1910	7	6.47	11.51			
1910	8	2.42	22.1			
1910	9	4.92	7.04			
1910	10	4.32	3.75			
1910	11	7.67	19.86			
1910	12	0	6.45			
1911	1	14.28	10.06			
1911	2	22.08	8.75			
1911	3	3.29	32.65			
1911	4	12.07	7.71			
1911	5	5.01	31.41			
1911	6	2.88	18.52			
1911	7	17.95	10.95			
1911	8	11.62	11.43			
1911	9	13.92	4.84			
1911	10	13.8	2.87			
1911	11	2.73	6.29			
1911	12	23.17	0			
1912	1	3.7	20.94			
1912	2	9.03	12.54			
1912	3	25.83	8			
1912	4	17.26	0.32			
1912	5	10.69	5.28			
1912	6	6.84	16.75			
1912	7	18.96	2.44			
1912	8	17.25	4.9			
1912	9	7.79	8.48			
1912	10	8.55	0.82			
1912	11	1.64	27.64			
1912	12	4.08	14.74			
1913	1	13.84	0.97			
1913	2	8.17	12.33			
1913	3	14.41	1.03			
1913	4	3.75	8.34			
1913	5	3.41	16.44			
1913	6	22.33	10.5			
1913	7	19.12	9.48			
1913	8	2.68	16.57			
1913	9	9.59	0.5			
1913	10	7.83	7.81			
1913	11	12.5	8.61			
1913	12	18.25	19.14			
1914	1	19.71	18.43			
1914	2	3.13	1.4			
1914	3	0.48	20.42			
1914	4	9.5	1.46			
1914	5	11.62	16.74			
1914	6	15.76	10.28			
1914	7	13.02	11.45			
1914	8	15.48	13.27			
1914	9	3.95	8.22			
1914	10	11.72	1.79			
1914	11	3.12	40.68			
1914	12	10.21	11.59			
1915	1	14.77	0.82			
1915	2	28.04	1.92			
1915	3	3.76	30.19			
1915	4	24.83	24.08			
1915	5	28.24	3.36			
1915	6	10.62	12.61			
1915	7	31.6	4.05			
1915	8	22.1	10.76			
1915	9	10.43	5.25			
1915	10	4.55	24.62			
1915	11	1.62	8.55			
1915	12	5.99	1.04			
1916	1	51.52	2.53			
1916	2	4.31	19.65			
1916	3	7.21	15.67			
1916	4	5.9	6.92			
1916	5	2.73	9.69			
1916	6	9.75	23.39			
1916	7	21.13	15.24			
1916	8	9.81	4.28			
1916	9	1.3	2.98			
1916	10	13.9	2.15			
1916	11	0.26	14.53			
1916	12	7.64	6.22			
1917	1	6.02	0.66			
1917	2	4.59	13.94			
1917	3	6.48	8.78			
1917	4	11.81	3.07			
1917	5	14.75	12.23			
1917	6	5.97	33.13			
1917	7	4.74	19.63			
1917	8	6.33	11.03			
1917	9	3.57	5.96			
1917	10	6.71	42.02			
1917	11	0	46.86			
1917	12	10.88	47.6			
1918	1	11.86	5.22			
1918	2	2.67	17.6			
1918	3	9.04	22.54			
1918	4	7.6	8.87			
1918	5	4.65	11.74			
1918	6	6.04	18.19			
1918	7	5.62	11.34			
1918	8	3.15	2.37			
1918	9	13.47	6.83			
1918	10	10.63	1.65			
1918	11	9.09	0.39			
1918	12	21.49	5.7			
1919	1	1.67	31.62			
1919	2	23.93	0.16			
1919	3	10.36	3.12			
1919	4	9.37	5.17			
1919	5	7.27	8.62			
1919	6	6.56	26.88			
1919	7	18.2	15.32			
1919	8	8.61	16.61			
1919	9	11.71	10.67			
1919	10	28.23	1			
1919	11	23.29	3.02			
1919	12	1.89	15.66			
1920	1	7.8	11.57			
1920	2	8.08	21.23			
1920	3	8.55	2.57			
1920	4	22.89	5.47			
1920	5	3.91	14.96			
1920	6	5.95	3.35			
1920	7	2.9	3.35			
1920	8	22.09	3.19			
1920	9	4.35	2.27			
1920	10	6.66	6.37			
1920	11	3.31	6.48			
1920	12	5.57	5.36			
1921	1	3.48	5.5			
1921	2	0.29	10.65			
1921	3	9.18	5.79			
1921	4	7.22	3.69			
1921	5	9.51	11.7			
1921	6	13.52	10.84			
1921	7	12.58	10.07			
1921	8	9.97	11.12			
1921	9	9.24	7.37			
1921	10	1.54	20.98			
1921	11	14.68	11.19			
1921	12	14.33	8.93			
1922	1	3.46	1.89			
1922	2	15.08	2.07			
1922	3	21.3	4.51			
1922	4	18.58	1.38			
1922	5	7.54	2.01			
1922	6	5.4	12.88			
1922	7	9.72	8.51			
1922	8	9.66	12.7			
1922	9	0.46	29.12			
1922	10	2.08	7.01			
1922	11	15.31	14.79			
1922	12	5.81	18.11			
1923	1	1.87	6.37			
1923	2	9.9	13.86			
1923	3	5.99	11.59			
1923	4	12.21	2.54			
1923	5	11.84	8.77			
1923	6	15.18	7.86			
1923	7	11.41	4.71			
1923	8	16.48	4.87			
1923	9	16.26	2.8			
1923	10	16.77	0.55			
1923	11	7.03	6.11			
1923	12	17.54	1.1			
1924	1	1.29	14.62			
1924	2	3.17	11.61			
1924	3	6.39	13.88			
1924	4	4.48	16.52			
1924	5	3.11	28.97			
1924	6	7.42	24.56			
1924	7	4.73	18.85			
1924	8	4.29	26.78			
1924	9	13.81	3.88			
1924	10	9.97	30.58			
1924	11	0.24	22.1			
1924	12	12.19	0.39			
1925	1	8.46	15			
1925	2	0.71	18.22			
1925	3	2.56	31.23			
1925	4	6.41	15.42			
1925	5	2.4	26.49			
1925	6	15.2	7.17			
1925	7	10.13	8.07			
1925	8	4.57	18.79			
1925	9	14.47	3.6			
1925	10	22.66	1.85			
1925	11	1.49	4.62			
1925	12	5.33	12.83			
1926	1	9.92	1.34			
1926	2	3.88	19.14			
1926	3	15.95	24.68			
1926	4	17.22	20.11			
1926	5	5.12	12.41			
1926	6	1.51	9.25			
1926	7	8.14	3.89			
1926	8	19.46	7.68			
1926	9	21.55	6.69			
1926	10	6.74	5.63			
1926	11	15.13	1.91			
1926	12	17.86	1.05			
1927	1	0.78	17.25			
1927	2	18.21	0.36			
1927	3	6.02	5.21			
1927	4	19	8.76			
1927	5	16.22	20.45			
1927	6	11.77	3.44			
1927	7	4.96	1.59			
1927	8	11.46	7.62			
1927	9	14.54	8.85			
1927	10	9.68	2.96			
1927	11	15.59	9.37			
1927	12	14.1	1.1			
1928	1	1.93	30.64			
1928	2	7.47	12.34			
1928	3	5.78	7.84			
1928	4	13.84	7.48			
1928	5	11.89	21.23			
1928	6	24.88	8.97			
1928	7	12.34	4.67			
1928	8	12.89	9.68			
1928	9	6.97	26.36			
1928	10	8.06	4.33			
1928	11	11.13	11.75			
1928	12	0	13.77			
1929	1	10.6	4.66			
1929	2	4.94	8.31			
1929	3	16.73	3.85			
1929	4	12.36	4.4			
1929	5	17.86	14.02			
1929	6	5.65	15.55			
1929	7	7.64	16.71			
1929	8	4.15	28.52			
1929	9	11.14	7.75			
1929	10	12.63	9.86			
1929	11	6.97	26.34			
1929	12	7.16	22.17			
1930	1	10.72	1.69			
1930	2	4.8	15.02			
1930	3	4.4	18.39			
1930	4	2.42	17.92			
1930	5	16.72	8.18			
1930	6	2.21	17.52			
1930	7	7.13	35.35			
1930	8	10.27	20.84			
1930	9	2.26	4.66			
1930	10	13.86	3.32			
1930	11	10.31	6.16			
1930	12	0.65	45.09			
1931	1	4.27	27.24			
1931	2	12.78	9.74			
1931	3	2.18	4.21			
1931	4	11.71	10.16			
1931	5	1.51	12.3			
1931	6	6.67	19.2			
1931	7	6.85	15.04			
1931	8	12.12	10.14			
1931	9	4.22	18.61			
1931	10	0.95	3.86			
1931	11	19.74	11.5			
1931	12	23.79	2.88			
1932	1	26.52	0			
1932	2	10.24	5.16			
1932	3	9.23	4.94			
1932	4	4.3	6.84			
1932	5	3.4	13.6			
1932	6	9.25	5.5			
1932	7	8.83	4.58			
1932	8	7.95	5.54			
1932	9	6.65	20.32			
1932	10	14.55	3.67			
1932	11	5.07	24.97			
1932	12	15.01	4.53			
1933	1	4.8	6.72			
1933	2	0.61	10.27			
1933	3	4.4	13.68			
1933	4	7.15	6.17			
1933	5	12.34	2.53			
1933	6	2.82	48.53			
1933	7	7.83	13.07			
1933	8	15.51	7.01			
1933	9	4.47	4.99			
1933	10	1.58	12.7			
1933	11	0	29.36			
1933	12	13.83	7.49			
1934	1	1.94	9.84			
1934	2	3.78	19.29			
1934	3	5.48	13.12			
1934	4	0.41	21.76			
1934	5	3.8	41.96			
1934	6	7.05	8.3			
1934	7	1.23	27.67			
1934	8	2.61	13.64			
1934	9	11.16	3.99			
1934	10	3.37	22.24			
1934	11	11.66	2.05			
1934	12	0	4.08			
1935	1	6.95	6.35			
1935	2	1.06	8.92			
1935	3	8.41	3.72			
1935	4	15.07	5.96			
1935	5	24.13	7.66			
1935	6	10.86	22.8			
1935	7	7.07	11.13			
1935	8	5.86	6.5			
1935	9	6.27	13.68			
1935	10	0.12	14.6			
1935	11	2.08	1.93			
1935	12	1.84	10.63			
1936	1	22.23	4.93			
1936	2	25.03	10.9			
1936	3	7.54	19.44			
1936	4	2.96	14.94			
1936	5	6.84	27.14			
1936	6	5.3	32.9			
1936	7	14.56	26.91			
1936	8	2.77	17.13			
1936	9	12.49	1.17			
1936	10	7.97	10.44			
1936	11	0	31.91			
1936	12	9.76	0			
1937	1	32.35	1.36			
1937	2	5.3	7.6			
1937	3	3.65	18.52			
1937	4	14.41	10.26			
1937	5	3.22	15.51			
1937	6	9.25	3.26			
1937	7	12.09	6.77			
1937	8	5.78	15.35			
1937	9	0	6.29			
1937	10	11.95	5.38			
1937	11	2.71	11.35			
1937	12	7.4	3.24			
1938	1	6.38	3.03			
1938	2	15.33	9.04			
1938	3	26.5	2.08			
1938	4	10.35	3.55			
1938	5	10.59	4.76			
1938	6	10.35	3.02			
1938	7	18.75	1.35			
1938	8	1.13	19.05			
1938	9	12.6	9.86			
1938	10	5.64	30.25			
1938	11	1.12	6.63			
1938	12	2.11	8.34			
1939	1	12.96	0.16			
1939	2	25.15	3.02			
1939	3	0.48	8.07			
1939	4	2.98	11.46			
1939	5	0.42	18.74			
1939	6	9.23	7.94			
1939	7	2.31	12.09			
1939	8	6.77	6.43			
1939	9	8.88	26.13			
1939	10	0.02	6.98			
1939	11	2.36	52.56			
1939	12	0.5	8.1			
1940	1	9.17	7.48			
1940	2	15.76	0			
1940	3	4.99	7.31			
1940	4	12.95	0.1			
1940	5	3.95	21.9			
1940	6	11.03	11.69			
1940	7	5.97	22.94			
1940	8	12	16.67			
1940	9	19.16	17.78			
1940	10	3.29	7.1			
1940	11	18.15	1.1			
1940	12	18.87	4.45			
1941	1	7.76	6.54			
1941	2	7.1	19.04			
1941	3	16.06	22.85			
1941	4	34.52	6.07			
1941	5	16.71	20.65			
1941	6	19.64	2.74			
1941	7	11.53	2.57			
1941	8	15.72	3.65			
1941	9	26.97	9.52			
1941	10	43.52	0.96			
1941	11	1.47	4.7			
1941	12	10.78	2.27			
1942	1	0	13.36			
1942	2	3.42	2.38			
1942	3	11.11	8.97			
1942	4	25.47	15.02			
1942	5	20.95	16.25			
1942	6	10.65	10.34			
1942	7	4.16	13			
1942	8	18.03	3.69			
1942	9	4.18	10.27			
1942	10	9.23	2.48			
1942	11	14.05	14.4			
1942	12	13.14	0.62			
1943	1	14.44	11.25			
1943	2	0.69	22.24			
1943	3	4.14	0			
1943	4	3.95	5.68			
1943	5	9.23	5.54			
1943	6	13.15	1.21			
1943	7	4.03	9.96			
1943	8	3.86	23.03			
1943	9	1.99	22.48			
1943	10	4.2	5.1			
1943	11	0.94	12.1			
1943	12	9.08	25.73			
1944	1	12.87	12			
1944	2	11.9	2.07			
1944	3	13.63	3.05			
1944	4	21.92	2.43			
1944	5	6.37	2.81			
1944	6	18.92	10.07			
1944	7	5.19	22.05			
1944	8	14.45	22.22			
1944	9	4.64	9.79			
1944	10	0.98	18.83			
1944	11	15.26	0.94			
1944	12	7.33	13.85			
1945	1	2.35	6.34			
1945	2	11.57	2.44			
1945	3	22.64	7.72			
1945	4	12.27	0.98			
1945	5	11.7	18.29			
1945	6	14.37	9.73			
1945	7	11.43	6.49			
1945	8	12.84	4.51			
1945	9	18.74	3.73			
1945	10	6.9	8.5			
1945	11	5.83	15.41			
1945	12	9.47	4.25			
1946	1	12.02	6.43			
1946	2	3.28	13.97			
1946	3	10.33	4.18			
1946	4	0	25.07			
1946	5	16.44	2.46			
1946	6	4.77	17.18			
1946	7	10.06	8.63			
1946	8	6.53	5.43			
1946	9	9.86	2.03			
1946	10	26.19	1.39			
1946	11	21.51	3.06			
1946	12	1.16	9.6			
1947	1	11.69	8.89			
1947	2	0.75	38.31			
1947	3	2.56	9.78			
1947	4	14.27	5.92			
1947	5	11.78	6.2			
1947	6	23.87	4.76			
1947	7	4.49	29.27			
1947	8	10.63	13.48			
1947	9	3.11	9.49			
1947	10	10.79	6			
1947	11	14.84	0			
1947	12	5.43	5.8			
1948	1	3.92	13.57			
1948	2	17.92	3.19			
1948	3	7.11	3.99			
1948	4	8.78	6.48			
1948	5	10.43	14.44			
1948	6	17.19	2.6			
1948	7	15.07	8.9			
1948	8	2.11	11.17			
1948	9	1.49	19.77			
1948	10	0.5	6.68			
1948	11	20.52	9.97			
1948	12	5.8	3.25			
1949	1	52.29	11.78			
1949	2	8.07	6.27			
1949	3	4.67	5.76			
1949	4	5.13	26.94			
1949	5	8.58	3.91			
1949	6	12.93	11.07			
1949	7	7.9	3.61			
1949	8	6.8	10.19			
1949	9	0	1.72			
1949	10	15.53	2.6			
1949	11	0	41.95			
1949	12	5.32	3.46			
1950	1	26.54	7.82			
1950	2	9.03	10.1			
1950	3	10.24	14.09			
1950	4	1.64	12.58			
1950	5	3.99	12.49			
1950	6	5.66	10.99			
1950	7	25.65	2.11			
1950	8	9.3	19.38			
1950	9	10.75	3.47			
1950	10	8.98	18.65			
1950	11	8.6	19.32			
1950	12	0	30.51			
1951	1	2.24	9.07			
1951	2	15.4	6.93			
1951	3	9.4	3.94			
1951	4	7.44	3.37			
1951	5	4.27	13.1			
1951	6	14.33	14.73			
1951	7	7.16	6.97			
1951	8	15.44	13.08			
1951	9	6.23	10.31			
1951	10	10.52	1.21			
1951	11	4.51	3.96			
1951	12	20.66	6.63			
1952	1	10.7	3.17			
1952	2	7.31	2.71			
1952	3	12.08	1			
1952	4	13.03	14.12			
1952	5	0.09	8.88			
1952	6	6.87	25.4			
1952	7	8.07	15.43			
1952	8	5.06	10.34			
1952	9	1.01	21.51			
1952	10	0.84	78.42			
1952	11	6.35	8.02			
1952	12	2.32	5.9			
1953	1	8.62	6.21			
1953	2	9.02	4.05			
1953	3	5.29	3.25			
1953	4	7.01	0			
1953	5	16.39	6.83			
1953	6	6.01	16.14			
1953	7	8.34	15.64			
1953	8	7.19	16.19			
1953	9	3.17	47.62			
1953	10	1.91	19.68			
1953	11	2.17	17.58			
1953	12	8.62	3.82			
1954	1	8.24	9.23			
1954	2	3.3	25.29			
1954	3	8.7	13.56			
1954	4	6.62	15.07			
1954	5	2.94	7.33			
1954	6	6.23	16.36			
1954	7	1.82	23.96			
1954	8	11.65	10.94			
1954	9	6.02	15.19			
1954	10	9.22	5.1			
1954	11	0.65	22.02			
1954	12	0.69	19.19			
1955	1	1.59	10.18			
1955	2	11.12	4.56			
1955	3	4.53	32.95			
1955	4	6.67	9.58			
1955	5	5.86	4.74			
1955	6	2.74	6.87			
1955	7	14.68	6.23			
1955	8	15.56	22.95			
1955	9	2.13	14.2			
1955	10	6.29	12.9			
1955	11	2.42	13.46			
1955	12	17.32	34.08			
1956	1	12.57	7.85			
1956	2	12.43	4.94			
1956	3	2.46	44.1			
1956	4	0.48	10.96			
1956	5	5.49	5.04			
1956	6	0.68	19.21			
1956	7	5.74	4.43			
1956	8	4.01	21.58			
1956	9	1.69	45.8			
1956	10	8.23	7.95			
1956	11	4.5	33.76			
1956	12	1.28	13.71			
1957	1	8.56	7.22			
1957	2	2.85	6.39			
1957	3	11.14	7.41			
1957	4	25.56	0.94			
1957	5	43.26	1.12			
1957	6	15.3	3.07			
1957	7	3.95	12.46			
1957	8	8.75	20.49			
1957	9	14.2	13			
1957	10	19.75	0.58			
1957	11	24.87	0.81			
1957	12	6.16	12.76			
1958	1	9.77	4.42			
1958	2	14.25	7.95			
1958	3	12.89	14.49			
1958	4	15.83	0.89			
1958	5	1.94	10.39			
1958	6	10.21	2.39			
1958	7	29.82	5.97			
1958	8	1.85	4.62			
1958	9	12.08	6.67			
1958	10	1.63	17.32			
1958	11	8.46	1.18			
1958	12	1.23	41.86			
1959	1	3.3	10.92			
1959	2	6	0.4			
1959	3	5.34	25.57			
1959	4	1.77	12.02			
1959	5	9.87	4.89			
1959	6	4.22	8.51			
1959	7	9.7	15.24			
1959	8	6.86	1.72			
1959	9	17.46	7.09			
1959	10	28.76	5.8			
1959	11	6.38	17.09			
1959	12	7.92	9.88			
1960	1	9.66	0.45			
1960	2	11.94	2.14			
1960	3	1.97	11.64			
1960	4	1.05	11.43			
1960	5	9.37	9.5			
1960	6	4.67	15.99			
1960	7	11.01	18.85			
1960	8	11.43	14.36			
1960	9	3.96	12.69			
1960	10	10.31	3.01			
1960	11	4.89	12.1			
1960	12	13.24	13			
1961	1	2.57	38.9			
1961	2	13.39	6.8			
1961	3	13.95	4.76			
1961	4	6.51	15.44			
1961	5	7.2	7.65			
1961	6	11.32	17.26			
1961	7	8.73	1.58			
1961	8	8.13	4.66			
1961	9	22.25	6.64			
1961	10	0.67	5.3			
1961	11	8.51	2.83			
1961	12	6.83	1.01			
1962	1	3.07	3.62			
1962	2	25.95	5.34			
1962	3	0.17	6.88			
1962	4	0.39	20.31			
1962	5	15.75	22.54			
1962	6	10.63	4.11			
1962	7	16.79	13			
1962	8	2.51	23.42			
1962	9	6.39	0.93			
1962	10	6.59	1.77			
1962	11	3.19	16.77			
1962	12	0	14.61			
1963	1	1.05	16.66			
1963	2	2.14	12.52			
1963	3	7.06	11.73			
1963	4	15.27	15.46			
1963	5	2.3	18.51			
1963	6	15.02	9.34			
1963	7	3.58	17.34			
1963	8	10.48	6.21			
1963	9	6.86	7.29			
1963	10	1.84	32.72			
1963	11	7.25	4.81			
1963	12	0.45	20.91			
1964	1	5.53	7.95			
1964	2	3.21	29.88			
1964	3	6.5	0.8			
1964	4	19	3.21			
1964	5	1.4	13.6			
1964	6	15.94	9.29			
1964	7	5.07	11.63			
1964	8	7.87	5.42			
1964	9	4.81	9.72			
1964	10	6.38	37.59			
1964	11	4.75	1.96			
1964	12	20.77	0.86			
1965	1	8.34	2.76			
1965	2	5.59	9.88			
1965	3	2.96	17.35			
1965	4	17.47	8.48			
1965	5	13.89	14.69			
1965	6	16.03	6.75			
1965	7	9.29	7.37			
1965	8	16.58	1.26			
1965	9	25.25	3.04			
1965	10	1.46	25.61			
1965	11	10.32	17.39			
1965	12	17.25	15.52			
1966	1	2.89	8.46			
1966	2	6.39	1.26			
1966	3	4.22	32.83			
1966	4	8.56	16.29			
1966	5	4.35	22.89			
1966	6	3.52	15.69			
1966	7	3.4	7.91			
1966	8	16.16	2.08			
1966	9	3.93	3.02			
1966	10	0.66	9.48			
1966	11	4.05	14.7			
1966	12	9.29	4.15			
1967	1	8.41	15.61			
1967	2	0	28.85			
1967	3	4.61	20.04			
1967	4	14.09	10.02			
1967	5	5.32	6.88			
1967	6	31.71	5.16			
1967	7	8.44	11.65			
1967	8	7.84	17.23			
1967	9	9.7	3.4			
1967	10	8.86	10.39			
1967	11	2.6	10.89			
1967	12	19.77	0.53			
1968	1	7.77	5.96			
1968	2	1.56	27.32			
1968	3	5.05	14.61			
1968	4	7.61	6.45			
1968	5	7.05	1.64			
1968	6	13.89	8.53			
1968	7	8.96	7.36			
1968	8	25.39	5.51			
1968	9	5.69	16.06			
1968	10	5.57	1.42			
1968	11	8.75	0.78			
1968	12	13.41	0.84			
1969	1	32.81	8.54			
1969	2	15.73	11.71			
1969	3	1.62	26.31			
1969	4	6.07	4.95			
1969	5	5.89	10.29			
1969	6	23.07	5.72			
1969	7	12.72	1			
1969	8	3.25	25.29			
1969	9	2.07	6.05			
1969	10	17.42	1.49			
1969	11	3.8	17.44			
1969	12	11.99	3.02			
1970	1	10.42	25.37			
1970	2	3.95	23.16			
1970	3	10.45	0.82			
1970	4	13.23	3.05			
1970	5	8.04	17.2			
1970	6	6.51	4.64			
1970	7	5.01	11.04			
1970	8	5.56	19.78			
1970	9	13.02	6.14			
1970	10	13.94	3			
1970	11	11.67	9.04			
1970	12	0	10.6			
1971	1	8.43	13.82			
1971	2	19	5.42			
1971	3	4.39	30.95			
1971	4	4.77	15.04			
1971	5	10.72	4.14			
1971	6	2.2	15.24			
1971	7	7.83	5.96			
1971	8	12.76	10.35			
1971	9	9.82	1.06			
1971	10	19.41	0.88			
1971	11	5.58	3.09			
1971	12	17.45	2.89			
1972	1	7.82	13.28			
1972	2	6.04	28.73			
1972	3	3.05	21.98			
1972	4	5.99	13.26			
1972	5	8.75	5.94			
1972	6	18.63	4.36			
1972	7	10.67	15.24			
1972	8	12.5	6.08			
1972	9	6.71	4.93			
1972	10	18.35	1.54			
1972	11	20.01	3.96			
1972	12	16.33	1.17			
1973	1	5.52	5.16			
1973	2	4.6	13.89			
1973	3	39.59	3.35			
1973	4	21.47	4.57			
1973	5	8.64	6.45			
1973	6	10.2	12.64			
1973	7	10.98	9.14			
1973	8	0.55	13.43			
1973	9	26.99	8.14			
1973	10	5.72	5.59			
1973	11	17.43	5.86			
1973	12	19.71	9.94			
1974	1	18.63	4.13			
1974	2	0	20.41			
1974	3	10.46	2.8			
1974	4	1.24	1.01			
1974	5	8.95	22.03			
1974	6	5.65	24.23			
1974	7	6.84	15.7			
1974	8	24.01	8.32			
1974	9	13.35	22.48			
1974	10	16.05	11.45			
1974	11	1.25	1.32			
1974	12	0.45	1.91			
1975	1	14.19	2.96			
1975	2	4.54	0.87			
1975	3	19.39	0.08			
1975	4	8.96	3.55			
1975	5	8.31	4.98			
1975	6	6.31	4.76			
1975	7	18.85	10.98			
1975	8	18.43	9.83			
1975	9	13.47	11.92			
1975	10	14.89	14.31			
1975	11	9.57	0.75			
1975	12	2.05	6.19			
1976	1	1.18	25.8			
1976	2	5.87	15.7			
1976	3	8.5	3.56			
1976	4	13.51	16.22			
1976	5	10.86	10.22			
1976	6	5	7.98			
1976	7	12.78	7.68			
1976	8	14.38	23.14			
1976	9	11.18	8.09			
1976	10	12.21	6.63			
1976	11	2.45	45.72			
1976	12	1.47	45.99			
1977	1	0.78	8.08			
1977	2	1.42	27.5			
1977	3	22.13	3.07			
1977	4	11.12	28.74			
1977	5	17.18	15.44			
1977	6	3.01	6.76			
1977	7	7.91	7.72			
1977	8	25.78	0.18			
1977	9	19.63	3.38			
1977	10	8.89	5.61			
1977	11	11.26	0.66			
1977	12	18	7.82			
1978	1	25.32	0			
1978	2	11.61	21.86			
1978	3	12.97	19.54			
1978	4	17.95	7.08			
1978	5	12.92	2.18			
1978	6	2.07	9.97			
1978	7	14.32	10.14			
1978	8	9.82	5.78			
1978	9	16.65	11.58			
1978	10	0.85	28.95			
1978	11	18.82	3.48			
1978	12	14.87	2.36			
1979	1	31.1	2.15			
1979	2	12.16	4.36			
1979	3	16.88	5.58			
1979	4	11.44	5.78			
1979	5	14.64	1.07			
1979	6	1.63	16.03			
1979	7	14.5	5.94			
1979	8	14.95	1.78			
1979	9	16.45	28.9			
1979	10	5.98	4.07			
1979	11	6.11	3.9			
1979	12	1.65	17.19			
1980	1	20.42	4.03			
1980	2	12.21	13.61			
1980	3	17.13	4.21			
1980	4	4.02	9.05			
1980	5	17.88	11.68			
1980	6	0.47	15.76			
1980	7	3.48	26.59			
1980	8	15.97	19.65			
1980	9	14.45	3.97			
1980	10	3.33	4.51			
1980	11	1.35	14.95			
1980	12	1.18	26.67			
1981	1	1.2	51.98			
1981	2	9.82	9.32			
1981	3	11.22	17.01			
1981	4	8.51	11.77			
1981	5	20.1	2.27			
1981	6	15.07	7.49			
1981	7	11.46	4.33			
1981	8	10.59	6.86			
1981	9	3.07	3.55			
1981	10	17.07	0.45			
1981	11	7.44	12.46			
1981	12	6.45	18.6			
1982	1	12.44	0.83			
1982	2	5.51	6.37			
1982	3	12.37	7.36			
1982	4	9.37	7.89			
1982	5	19.45	7.17			
1982	6	9.19	3.9			
1982	7	12.3	3.6			
1982	8	6.6	5.44			
1982	9	16.6	4.08			
1982	10	14.34	6.96			
1982	11	11.57	0.31			
1982	12	32.12	1.18			
1983	1	4	7.62			
1983	2	8.96	8.24			
1983	3	39.34	1.54			
1983	4	17.86	8.39			
1983	5	13.97	3.2			
1983	6	5.58	6.03			
1983	7	13.26	30.7			
1983	8	20.6	13.43			
1983	9	6.92	6.57			
1983	10	14	0.13			
1983	11	39.03	0			
1983	12	24.62	1.17			
1984	1	0.1	18.56			
1984	2	5.01	8.64			
1984	3	8.8	4.6			
1984	4	11.92	8.38			
1984	5	12.35	11.65			
1984	6	15.45	6.46			
1984	7	19.56	8.78			
1984	8	14.82	8.69			
1984	9	3.15	13.93			
1984	10	35.22	1.76			
1984	11	7.44	2.08			
1984	12	25.64	5.67			
1985	1	1.08	17.29			
1985	2	7.98	7.11			
1985	3	12.81	9.3			
1985	4	8.47	22.66			
1985	5	2.06	5.74			
1985	6	2.18	7.18			
1985	7	7.94	5.44			
1985	8	15.33	18.19			
1985	9	17.38	8.45			
1985	10	16.42	0.02			
1985	11	35.57	0.7			
1985	12	1.07	13.9			
1986	1	1.42	38.65			
1986	2	23.54	3.56			
1986	3	0.45	10.12			
1986	4	12	15.8			
1986	5	2.29	4.08			
1986	6	14.2	9.29			
1986	7	11.45	9.21			
1986	8	5.93	3.64			
1986	9	33.61	2.77			
1986	10	16.28	3.74			
1986	11	21.32	3.05			
1986	12	8.83	26.58			
1987	1	5.22	6.23			
1987	2	23.92	15.03			
1987	3	12.78	4.04			
1987	4	4.64	40.45			
1987	5	18.41	3.48			
1987	6	7.35	9.87			
1987	7	21.74	12.01			
1987	8	8.71	6.93			
1987	9	4.53	14.87			
1987	10	4.87	27.25			
1987	11	13.81	3.4			
1987	12	15.32	2.82			
1988	1	2.66	4.34			
1988	2	1.06	17.8			
1988	3	1.97	15.6			
1988	4	13.57	9.02			
1988	5	2.56	23.63			
1988	6	3.84	35.53			
1988	7	6.9	11.61			
1988	8	10.77	6.03			
1988	9	6.46	2.78			
1988	10	0.71	32.03			
1988	11	17.41	4.21			
1988	12	0.27	11.48			
1989	1	3.14	6.07			
1989	2	9.99	8.09			
1989	3	14.23	1.95			
1989	4	5.32	32.07			
1989	5	10.98	4.71			
1989	6	24.66	8.17			
1989	7	7.33	9.59			
1989	8	8.03	3.68			
1989	9	12.19	6.6			
1989	10	1.48	4.99			
1989	11	2.3	25.61			
1989	12	4.1	36.76			
1990	1	7.86	2.96			
1990	2	18.22	3.3			
1990	3	15.87	4.3			
1990	4	6.03	1.46			
1990	5	20.81	3.4			
1990	6	5.73	17.21			
1990	7	13.97	3.14			
1990	8	9.95	5.92			
1990	9	3.26	16.46			
1990	10	14.39	0.46			
1990	11	2.99	4.86			
1990	12	14.93	5.05			
1991	1	11.19	7.27			
1991	2	2.35	25.8			
1991	3	20.92	0.29			
1991	4	18.6	12.55			
1991	5	19.11	5.42			
1991	6	3.97	8.15			
1991	7	11.2	6.61			
1991	8	7.01	3.25			
1991	9	8.15	8.12			
1991	10	7.4	5.24			
1991	11	13.28	1.59			
1991	12	21.73	10.82			
1992	1	11.64	8.67			
1992	2	11.61	5.79			
1992	3	9.28	9.29			
1992	4	3.48	12.85			
1992	5	12.06	25.64			
1992	6	13.94	5.8			
1992	7	27.1	2.92			
1992	8	12.62	1.09			
1992	9	2.1	5.81			
1992	10	1.59	7.14			
1992	11	24.81	6.66			
1992	12	10.57	1.57			
1993	1	28.37	0			
1993	2	15.97	5.53			
1993	3	9.75	1.97			
1993	4	13.23	7.79			
1993	5	6.64	6.28			
1993	6	21.99	2.97			
1993	7	29.81	30.19			
1993	8	12.68	7.25			
1993	9	8.32	13.83			
1993	10	1.8	1.49			
1993	11	6.28	5.32			
1993	12	1.18	3.42			
1994	1	3.82	5.01			
1994	2	3.32	5.69			
1994	3	8.96	24.54			
1994	4	9.18	1.62			
1994	5	5.69	10.68			
1994	6	9.43	12.95			
1994	7	11.1	8.36			
1994	8	5.5	12.65			
1994	9	0.77	2.48			
1994	10	17.29	6.21			
1994	11	15.63	0.49			
1994	12	5.36	4.97			
1995	1	16.22	1.53			
1995	2	0	5.81			
1995	3	23.51	5.52			
1995	4	9.39	4.77			
1995	5	34.15	0.73			
1995	6	18.85	7.96			
1995	7	9.93	10.88			
1995	8	8.52	8.04			
1995	9	1.06	7.28			
1995	10	20.72	20.77			
1995	11	6.48	6.98			
1995	12	4.09	5.25			
1996	1	20.43	5.3			
1996	2	3.18	23.29			
1996	3	1.21	9.66			
1996	4	11.31	10.65			
1996	5	21.47	14.46			
1996	6	5.25	9.67			
1996	7	14.01	4.21			
1996	8	13.45	17.12			
1996	9	18.79	0.46			
1996	10	6.28	1.77			
1996	11	17.98	1.76			
1996	12	27.94	11.88			
1997	1	20.57	1.06			
1997	2	19.87	6.46			
1997	3	9.08	27.55			
1997	4	16.87	9.49			
1997	5	1.77	5.15			
1997	6	14.82	1.3			
1997	7	13.26	8.2			
1997	8	13.29	6.98			
1997	9	12.89	2.45			
1997	10	8.42	2.26			
1997	11	5.55	2.58			
1997	12	14.21	9.27			
1998	1	20.23	4.57			
1998	2	29.31	3.72			
1998	3	22.27	0.81			
1998	4	8.59	9.62			
1998	5	18.05	25.4			
1998	6	27.51	13.09			
1998	7	14.94	8.27			
1998	8	4.73	6.55			
1998	9	14.22	13.24			
1998	10	28.79	0.2			
1998	11	13.71	6.88			
1998	12	0.97	9.91			
1999	1	21.67	5.08			
1999	2	9.33	23.25			
1999	3	7.49	15.53			
1999	4	31.13	5.91			
1999	5	6.98	4.48			
1999	6	8.35	5.13			
1999	7	16.25	12.12			
1999	8	10.75	13.23			
1999	9	10.15	16.52			
1999	10	1.08	21.86			
1999	11	0	37.14			
1999	12	2.38	14.81			
2000	1	1.84	6.01			
2000	2	13.59	11.87			
2000	3	10.07	0.74			
2000	4	5.89	7.01			
2000	5	4	20.62			
2000	6	19.33	3.07			
2000	7	2.25	25.38			
2000	8	2	25.28			
2000	9	3.96	14.65			
2000	10	22.69	11.52			
2000	11	23.72	3.03			
2000	12	0.72	11.67			
2001	1	6.97	13.63			
2001	2	15.42	9.58			
2001	3	11.83	15.35			
2001	4	8.08	16.9			
2001	5	8.08	15.59			
2001	6	8.54	13.59			
2001	7	11.51	6.97			
2001	8	2.38	16.94			
2001	9	3.31	2.19			
2001	10	7.73	11.74			
2001	11	10.56	7.91			
2001	12	1.86	12.66			
2002	1	0	9.98			
2002	2	1.28	26.29			
2002	3	8.95	4.91			
2002	4	2.84	9.5			
2002	5	6.05	23.55			
2002	6	4.71	17.51			
2002	7	6.43	12.04			
2002	8	5.29	19.84			
2002	9	12.6	3.92			
2002	10	22.88	8.95			
2002	11	1.2	14.43			
2002	12	9.57	9.97			
2003	1	0.77	30.1			
2003	2	15.62	1.71			
2003	3	13.23	5.89			
2003	4	11.8	9.58			
2003	5	14.64	5.45			
2003	6	14.98	18.39			
2003	7	9.94	25.59			
2003	8	7.52	10.28			
2003	9	11.04	0.63			
2003	10	4.65	12.45			
2003	11	5.94	0			
2003	12	4.38	7.74			
2004	1	2.04	6.31			
2004	2	11.73	6.12			
2004	3	14.18	29.29			
2004	4	16.68	7.07			
2004	5	18.86	17.73			
2004	6	19.46	6.48			
2004	7	8.55	2.46			
2004	8	14.5	1.99			
2004	9	21.59	13.94			
2004	10	22.5	0.46			
2004	11	27.86	5.55			
2004	12	3.51	7.85			
2005	1	33.19	3.26			
2005	2	14.76	14.55			
2005	3	2.3	5.8			
2005	4	8.3	7.73			
2005	5	16.31	11.12			
2005	6	18.51	9.29			
2005	7	4.61	13.51			
2005	8	11.91	4.09			
2005	9	3.55	12.86			
2005	10	16.6	12.66			
2005	11	7.47	12.31			
2005	12	7.95	20.53			
2006	1	7.38	9.18			
2006	2	0.15	23.08			
2006	3	6.61	15.42			
2006	4	10.67	4.18			
2006	5	4.11	14.45			
2006	6	8.64	14.1			
2006	7	9.54	11.73			
2006	8	11.54	10.32			
2006	9	8.58	3.53			
2006	10	22.2	2.49			
2006	11	7.79	13.96			
2006	12	15.48	2.23			
2007	1	11.83	12.53			
2007	2	4.07	9.58			
2007	3	17.95	16.32			
2007	4	6.03	1.57			
2007	5	16.45	23.62			
2007	6	6.85	8.36			
2007	7	10.8	5.19			
2007	8	12.23	13.13			
2007	9	0.9	2.3			
2007	10	16.66	5.28			
2007	11	0.59	22.78			
2007	12	23.38	1.46			
2008	1	6.95	10.57			
2008	2	15.27	3.19			
2008	3	10.93	13.11			
2008	4	10.61	19.45			
2008	5	9.13	4.93			
2008	6	9.95	11.52			
2008	7	8.84	8.63			
2008	8	18.95	12.04			
2008	9	10.82	12.76			
2008	10	10.97	1.52			
2008	11	3.28	3.9			
2008	12	19.37	6.43			
2009	1	0.94	16.15			
2009	2	5.62	14.2			
2009	3	12.76	6.76			
2009	4	11.48	0.96			
2009	5	15.17	6.24			
2009	6	15.25	6.01			
2009	7	12.75	4.98			
2009	8	6.39	8.84			
2009	9	10.71	10.81			
2009	10	44.64	2.89			
2009	11	2.78	27.26			
2009	12	22.81	1.18			
2010	1	15.35	2.48			
2010	2	4.47	5.78			
2010	3	4.83	8.49			
2010	4	11.81	9.28			
2010	5	12.54	4.07			
2010	6	18.19	4.84			
2010	7	20.12	2.34			
2010	8	4.32	6.73			
2010	9	14.5	14.38			
2010	10	12.47	10.5			
2010	11	3.57	6.98			
2010	12	21.56	12.49			
2011	1	7.79	19.99			
2011	2	8.8	8.12			
2011	3	18.08	13.45			
2011	4	25.65	10.07			
2011	5	26.39	15.54			
2011	6	4.97	15.31			
2011	7	7.01	10.95			
2011	8	7.73	20.11			
2011	9	12.57	11.4			
2011	10	5.58	2.49			
2011	11	10.09	4.97			
2011	12	12.02	13.2			
2012	1	1.73	7.81			
2012	2	10.99	3.97			
2012	3	16.53	11.34			
2012	4	2.83	7.78			
2012	5	5.9	20.53			
2012	6	6.08	34.73			
2012	7	5.24	11.76			
2012	8	5.93	16.98			
2012	9	5.63	24.13			
2012	10	8.05	5.4			
2012	11	0	33.46			
2012	12	5.51	2.24			
2013	1	10.03	5.56			
2013	2	12.36	14.33			
2013	3	1.28	20.45			
2013	4	12.08	6.45			
2013	5	13.34	5.7			
2013	6	15.1	15.14			
2013	7	20.43	5.27			
2013	8	6.4	10.42			
2013	9	28.88	1.41			
2013	10	13.9	5.71			
2013	11	2.44	1.64			
2013	12	11.94	10.18			
2014	1	0.79	26.78			
2014	2	9.9	12.38			
2014	3	8.11	7.24			
2014	4	13.1	5.57			
2014	5	0.75	4.35			
2014	6	17.15	14.14			
2014	7	7.02	6.77			
2014	8	25.7	2.3			
2014	9	11.93	3.93			
2014	10	8.65	6.53			
2014	11	7.04	4.78			
2014	12	4.82	1.45			
2015	1	6.37	8.36			
2015	2	2.74	4.46			
2015	3	6.1	26.72			
2015	4	10.83	2.21			
2015	5	44.82	6.77			
2015	6	18.28	7.84			
2015	7	25.03	2.84			
2015	8	3.7	3.15			
2015	9	1.43	6.69			
2015	10	19.95	0.52			
2015	11	29.92	1.24			
2015	12	37.38	0			
2016	1	1.33	0.33			
2016	2	5.31	4.47			
2016	3	19.21	12.84			
2016	4	19.68	0.86			
2016	5	6.27	1.62			
2016	6	1.71	12.54			
2016	7	11.63	13.21			
2016	8	21.76	9.92			
2016	9	10.32	5.85			
2016	10	20.62	16.64			
2016	11	4.92	9.23			
2016	12	14.12	0			
2017	1	36.64	0.06			
2017	2	14.51	11.8			
2017	3	10.91	6.77			
2017	4	26.27	1.16			
2017	5	10.83	1.78			
2017	6	8.55	16.27			
2017	7	10.76	12.9			
2017	8	19.38	5.75			
2017	9	10.02	11.44			
2017	10	16.05	11.03			
2017	11	2.31	25.36			
2017	12	1.7	29.14			
2018	1	0	12.11			
2018	2	29.58	4.41			
2018	3	6.78	5.57			
2018	4	5.34	16.23			
2018	5	11.05	5.89			
2018	6	8	9.91			
2018	7	8.11	9.6			
2018	8	11.22	5.83			
2018	9	23.93	16.6			
2018	10	30.27	0.45			
2018	11	13.32	0.71			
2018	12	27.22	0.7			
2019	1	3.68	0.57			
2019	2	46.03	4.66			
2019	3	10.45	11.63			
2019	4	18.2	0.65			
2019	5	41.34	1.16			
2019	6	10.71	3.62			
2019	7	8.42	10.1			
2019	8	11.71	11.1			
2019	9	19.42	20.92			
2019	10	24.96	14.5			
2019	11	7.47	7.11			
2019	12	13.17	2.77			
2020	1	9.75	5.91			
2020	2	12.65	11.66			
2020	3	16.42	6.9			
2020	4	8.01	13.57			
2020	5	6.65	10.64			
2020	6	2.69	7.08			
2020	7	10.26	14.27			
2020	8	9.85	31.37			
2020	9	6.89	13.78			
2020	10	7.74	17.82			
2020	11	3.35	7.71			
2020	12	1.36	5.38			
2021	1	2.88	2.34			
2021	2	5.36	7.95			
2021	3	10.54	14.82			
2021	4	1.45	18.66			
2021	5	7.96	15.71			
2021	6	10.33	18.63			
2021	7	18.76	8.21			
2021	8	14.52	1.86			
2021	9	7.19	7.33			
2021	10	25.99	0			
2021	11	0.9	35.37			
2021	12	10.46	10.06			
2022	1	0.23	16.85			
2022	2	8.08	22.12			
2022	3	2.56	14.05			
2022	4	9.51	17.62			
2022	5	9.98	14.7			
2022	6	6.96	11.67			
2022	7	5.49	7.86			
2022	8	16.19	6.61			
2022	9	1.94	9.65			
2022	10	4.11	6.51			
2022	11	4.02	2.12			
2022	12	15.8	0.13			
2023	1	23.89	3.36			
2023	2	10.08	4.05			
2023	3	20.98	4.17			
2023	4	6.91	17.05			
2023	5	4.82	8.79			
2023	6	11.99	9.36			
2023	7	10.1	23.07			
2023	8	26.32	9.69			
2023	9	4.95	7.95			
2023	10	10.33	3.96			
2023	11	1.54	16.24			
2023	12	21.86	4.68			
2024	1	20.04	1.14			
2024	2	8.06	12.28			